Account   Last Name       First Name    Balance Branch ID
914314112  ûb             t                0.00        4199120
6486944   8üb                        42489667731171179344504929810058087919602044550569644941133335473152676933050971153694170619031561830780255170704357437483934270158288445217125826399567497205528056935024164864.00              0
6487040                              985350129570801070057894278208463687867419300796033881354907473572524545220148236421990404844912062152055554313604455971724023402569224775481483963966221101224963399337323782635436745019558284282530131290820490744502036382675229702836328245937355362402304.00     1960889536
5         khaled          sayed          123.00            453
914314112  ûb             t                0.00        4199120
6486944   8üb                              0.00              0
6487096                              985350129570801070057894278208463687867419300796033881354907473572524545220148236421990404844912062152055554313604455971724023402569224775481483963966221101224963399337323782635436745019558284282530131290820490744502036382675229702836328245937355362402304.00     1960889536
914314112  ûb             t                0.00        4199120
6486944   8üb                              0.00              0
6487096                              985350129570801070057894278208463687867419300796033881354907473572524545220148236421990404844912062152055554313604455971724023402569224775481483963966221101224963399337323782635436745019558284282530131290820490744502036382675229702836328245937355362402304.00     1960889536
914314112  ûb             t                0.00        4199120
6486944   8üb                              0.00              0
6487096                              985350129570801070057894278208463687867419300796033881354907473572524545220148236421990404844912062152055554313604455971724023402569224775481483963966221101224963399337323782635436745019558284282530131290820490744502036382675229702836328245937355362402304.00     1960889536
914314112  ûb             t                0.00        4199120
6486944   8üb                              0.00              0
6487096                              985350129570801070057894278208463687867419300796033881354907473572524545220148236421990404844912062152055554313604455971724023402569224775481483963966221101224963399337323782635436745019558284282530131290820490744502036382675229702836328245937355362402304.00     1960889536
914314112  ûb             t                0.00        4199120
6486944   8üb                              0.00              0
6487096                              985350129570801070057894278208463687867419300796033881354907473572524545220148236421990404844912062152055554313604455971724023402569224775481483963966221101224963399337323782635436745019558284282530131290820490744502036382675229702836328245937355362402304.00     1960889536
914314112  ûb             t                0.00        4199120
6486944   8üb                              0.00              0
6487096                              985350129570801070057894278208463687867419300796033881354907473572524545220148236421990404844912062152055554313604455971724023402569224775481483963966221101224963399337323782635436745019558284282530131290820490744502036382675229702836328245937355362402304.00     1960889536
914314112  ûb             t                0.00        4199120
6486944   8üb                              0.00              0
6487096                              985350129570801070057894278208463687867419300796033881354907473572524545220148236421990404844912062152055554313604455971724023402569224775481483963966221101224963399337323782635436745019558284282530131290820490744502036382675229702836328245937355362402304.00     1960889536
914314112  ûb             t                0.00        4199120
6486944   8üb                              0.00              0
6487096                              985350129570801070057894278208463687867419300796033881354907473572524545220148236421990404844912062152055554313604455971724023402569224775481483963966221101224963399337323782635436745019558284282530131290820490744502036382675229702836328245937355362402304.00     1960889536
45        khaled          sayed          343.00              2
914314112  ûb             t                0.00        4199120
6486944   8üb                              0.00              0
6487096                              985350129570801070057894278208463687867419300796033881354907473572524545220148236421990404844912062152055554313604455971724023402569224775481483963966221101224963399337323782635436745019558284282530131290820490744502036382675229702836328245937355362402304.00     1960889536
914314112  ûb             t                0.00        4199120
6486944   8üb                              0.00              0
6487096                              985350129570801070057894278208463687867419300796033881354907473572524545220148236421990404844912062152055554313604455971724023402569224775481483963966221101224963399337323782635436745019558284282530131290820490744502036382675229702836328245937355362402304.00     1960889536
914314112  ûb             t                0.00        4199120
6486944   8üb                              0.00              0
6487096                              985350129570801070057894278208463687867419300796033881354907473572524545220148236421990404844912062152055554313604455971724023402569224775481483963966221101224963399337323782635436745019558284282530131290820490744502036382675229702836328245937355362402304.00     1960889536
914314112  ûb             t                0.00        4199120
6486944   8üb                              0.00              0
6487096                              985350129570801070057894278208463687867419300796033881354907473572524545220148236421990404844912062152055554313604455971724023402569224775481483963966221101224963399337323782635436745019558284282530131290820490744502036382675229702836328245937355362402304.00     1960889536
914314112  ûb             t                0.00        4199120
6486944   8üb                              0.00              0
6487096                              985350129570801070057894278208463687867419300796033881354907473572524545220148236421990404844912062152055554313604455971724023402569224775481483963966221101224963399337323782635436745019558284282530131290820490744502036382675229702836328245937355362402304.00     1960889536
914314112  ûb             t                0.00        4199120
6486944   8üb                              0.00              0
6487096                              985350129570801070057894278208463687867419300796033881354907473572524545220148236421990404844912062152055554313604455971724023402569224775481483963966221101224963399337323782635436745019558284282530131290820490744502036382675229702836328245937355362402304.00     1960889536
914314112  ûb             t                0.00        4199120
6486944   8üb                              0.00              0
6487096                              985350129570801070057894278208463687867419300796033881354907473572524545220148236421990404844912062152055554313604455971724023402569224775481483963966221101224963399337323782635436745019558284282530131290820490744502036382675229702836328245937355362402304.00     1960889536
914314112  ûb             t                0.00        4199120
6486944   8üb                              0.00              0
